{
 "cells": [
  {
   "cell_type": "markdown",
   "metadata": {
    "colab_type": "text",
    "id": "ePp_3mchAK8i"
   },
   "source": [
    "# Data Science Mathematics\n",
    "# Principal Component Analysis\n",
    "# In-Class Activity"
   ]
  },
  {
   "cell_type": "markdown",
   "metadata": {
    "colab_type": "text",
    "id": "kDK_GoJCAK8k"
   },
   "source": [
    "Refer to your in-class handout for instructions.  You are going to do most of the coding yourself here.\n",
    "\n",
    "Read about this library here:\n",
    "https://scikit-learn.org/stable/modules/generated/sklearn.decomposition.PCA.html\n",
    "\n",
    "First, let's import our relevant libraries."
   ]
  },
  {
   "cell_type": "code",
   "execution_count": 6,
   "metadata": {
    "colab": {},
    "colab_type": "code",
    "id": "NF1chTUQAK8l"
   },
   "outputs": [],
   "source": [
    "import numpy as np\n",
    "from sklearn.decomposition import PCA\n",
    "from pprint import pprint as pp"
   ]
  },
  {
   "cell_type": "markdown",
   "metadata": {
    "colab_type": "text",
    "id": "YjxuRDAjAK8n"
   },
   "source": [
    "First, we need to instantiate our data set."
   ]
  },
  {
   "cell_type": "code",
   "execution_count": 2,
   "metadata": {
    "colab": {},
    "colab_type": "code",
    "id": "eoU2iuwSAK8o"
   },
   "outputs": [],
   "source": [
    "data = np.array([[5.1,3.5,1.4,0.2],\n",
    "[4.9,3.0,1.4,0.2],\n",
    "[4.7,3.2,1.3,0.2],\n",
    "[4.6,3.1,1.5,0.2],\n",
    "[5.0,3.6,1.4,0.2],\n",
    "[5.4,3.9,1.7,0.4],\n",
    "[4.6,3.4,1.4,0.3],\n",
    "[5.0,3.4,1.5,0.2],\n",
    "[4.4,2.9,1.4,0.2],\n",
    "[4.9,3.1,1.5,0.1],\n",
    "[5.4,3.7,1.5,0.2],\n",
    "[4.8,3.4,1.6,0.2],\n",
    "[4.8,3.0,1.4,0.1],\n",
    "[4.3,3.0,1.1,0.1],\n",
    "[5.8,4.0,1.2,0.2],\n",
    "[5.7,4.4,1.5,0.4],\n",
    "[5.4,3.9,1.3,0.4],\n",
    "[5.1,3.5,1.4,0.3],\n",
    "[5.7,3.8,1.7,0.3],\n",
    "[5.1,3.8,1.5,0.3]])"
   ]
  },
  {
   "cell_type": "markdown",
   "metadata": {
    "colab_type": "text",
    "id": "7ZoY6XtBAK8q"
   },
   "source": [
    "Now, in the cell below, calculate your covariance matrix for the above data set:\n",
    "> c = np.cov(x)"
   ]
  },
  {
   "cell_type": "code",
   "execution_count": 3,
   "metadata": {
    "colab": {},
    "colab_type": "code",
    "id": "0giTb9WNAK8q"
   },
   "outputs": [],
   "source": [
    "c = np.cov(data)"
   ]
  },
  {
   "cell_type": "markdown",
   "metadata": {
    "colab_type": "text",
    "id": "cct2U5MvAK8s"
   },
   "source": [
    "Print the covariance matrix."
   ]
  },
  {
   "cell_type": "code",
   "execution_count": 7,
   "metadata": {
    "colab": {},
    "colab_type": "code",
    "id": "2gmuqeCqAK8t"
   },
   "outputs": [
    {
     "output_type": "stream",
     "name": "stdout",
     "text": [
      "array([[4.75      , 4.42166667, 4.35333333, 4.16      , 4.69666667,\n        4.86      , 4.215     , 4.595     , 3.965     , 4.49333333,\n        5.03      , 4.38666667, 4.415     , 4.105     , 5.58      ,\n        5.35      , 5.01333333, 4.67166667, 5.16166667, 4.72833333],\n       [4.42166667, 4.14916667, 4.055     , 3.885     , 4.35833333,\n        4.515     , 3.9075    , 4.28416667, 3.7075    , 4.21      ,\n        4.68333333, 4.08333333, 4.1375    , 3.81416667, 5.18      ,\n        4.93666667, 4.645     , 4.34916667, 4.81916667, 4.37916667],\n       [4.35333333, 4.055     , 3.99      , 3.81333333, 4.30333333,\n        4.45333333, 3.86166667, 4.21166667, 3.635     , 4.12      ,\n        4.61      , 4.02      , 4.04833333, 3.76166667, 5.11333333,\n        4.9       , 4.59333333, 4.28166667, 4.73166667, 4.33166667],\n       [4.16      , 3.885     , 3.81333333, 3.65666667, 4.11      ,\n        4.25666667, 3.68833333, 4.03166667, 3.485     , 3.95333333,\n        4.40666667, 3.85333333, 3.88166667, 3.59166667, 4.86666667,\n        4.66333333, 4.37      , 4.08833333, 4.52833333, 4.135     ],\n       [4.69666667, 4.35833333, 4.30333333, 4.11      , 4.65      ,\n        4.81      , 4.175     , 4.54166667, 3.915     , 4.43333333,\n        4.97333333, 4.34      , 4.355     , 4.06166667, 5.52      ,\n        5.30666667, 4.96333333, 4.61833333, 5.09833333, 4.685     ],\n       [4.86      , 4.515     , 4.45333333, 4.25666667, 4.81      ,\n        4.97666667, 4.31833333, 4.70166667, 4.055     , 4.59333333,\n        5.14666667, 4.49333333, 4.51166667, 4.20166667, 5.70666667,\n        5.48333333, 5.13      , 4.77833333, 5.27833333, 4.845     ],\n       [4.215     , 3.9075    , 3.86166667, 3.68833333, 4.175     ,\n        4.31833333, 3.74916667, 4.07583333, 3.5125    , 3.97666667,\n        4.46333333, 3.89666667, 3.90583333, 3.64583333, 4.95333333,\n        4.76666667, 4.455     , 4.14416667, 4.57416667, 4.2075    ],\n       [4.595     , 4.28416667, 4.21166667, 4.03166667, 4.54166667,\n        4.70166667, 4.07583333, 4.44916667, 3.8425    , 4.35666667,\n        4.86666667, 4.25      , 4.27916667, 3.96916667, 5.38666667,\n        5.16333333, 4.83833333, 4.5175    , 4.9975    , 4.57083333],\n       [3.965     , 3.7075    , 3.635     , 3.485     , 3.915     ,\n        4.055     , 3.5125    , 3.8425    , 3.3225    , 3.77      ,\n        4.2       , 3.67      , 3.7025    , 3.4225    , 4.64      ,\n        4.44      , 4.165     , 3.8975    , 4.3175    , 3.9375    ],\n       [4.49333333, 4.21      , 4.12      , 3.95333333, 4.43333333,\n        4.59333333, 3.97666667, 4.35666667, 3.77      , 4.28      ,\n        4.76      , 4.16      , 4.20333333, 3.87666667, 5.25333333,\n        5.02      , 4.71333333, 4.41666667, 4.89666667, 4.45666667],\n       [5.03      , 4.68333333, 4.61      , 4.40666667, 4.97333333,\n        5.14666667, 4.46333333, 4.86666667, 4.2       , 4.76      ,\n        5.32666667, 4.64666667, 4.67666667, 4.34666667, 5.90666667,\n        5.66333333, 5.30666667, 4.94666667, 5.46666667, 5.00666667],\n       [4.38666667, 4.08333333, 4.02      , 3.85333333, 4.34      ,\n        4.49333333, 3.89666667, 4.25      , 3.67      , 4.16      ,\n        4.64666667, 4.06666667, 4.08333333, 3.79      , 5.13333333,\n        4.93333333, 4.61333333, 4.31      , 4.77      , 4.37      ],\n       [4.415     , 4.1375    , 4.04833333, 3.88166667, 4.355     ,\n        4.51166667, 3.90583333, 4.27916667, 3.7025    , 4.20333333,\n        4.67666667, 4.08333333, 4.12916667, 3.80916667, 5.16666667,\n        4.93333333, 4.635     , 4.34083333, 4.81083333, 4.3775    ],\n       [4.105     , 3.81416667, 3.76166667, 3.59166667, 4.06166667,\n        4.20166667, 3.64583333, 3.96916667, 3.4225    , 3.87666667,\n        4.34666667, 3.79      , 3.80916667, 3.54916667, 4.82666667,\n        4.63333333, 4.33833333, 4.0375    , 4.4575    , 4.09083333],\n       [5.58      , 5.18      , 5.11333333, 4.86666667, 5.52      ,\n        5.70666667, 4.95333333, 5.38666667, 4.64      , 5.25333333,\n        5.90666667, 5.13333333, 5.16666667, 4.82666667, 6.58666667,\n        6.31333333, 5.92      , 5.49333333, 6.05333333, 5.56      ],\n       [5.35      , 4.93666667, 4.9       , 4.66333333, 5.30666667,\n        5.48333333, 4.76666667, 5.16333333, 4.44      , 5.02      ,\n        5.66333333, 4.93333333, 4.93333333, 4.63333333, 6.31333333,\n        6.08666667, 5.68333333, 5.26333333, 5.79333333, 5.35333333],\n       [5.01333333, 4.645     , 4.59333333, 4.37      , 4.96333333,\n        5.13      , 4.455     , 4.83833333, 4.165     , 4.71333333,\n        5.30666667, 4.61333333, 4.635     , 4.33833333, 5.92      ,\n        5.68333333, 5.32333333, 4.935     , 5.435     , 5.00166667],\n       [4.67166667, 4.34916667, 4.28166667, 4.08833333, 4.61833333,\n        4.77833333, 4.14416667, 4.5175    , 3.8975    , 4.41666667,\n        4.94666667, 4.31      , 4.34083333, 4.0375    , 5.49333333,\n        5.26333333, 4.935     , 4.59583333, 5.07583333, 4.64916667],\n       [5.16166667, 4.81916667, 4.73166667, 4.52833333, 5.09833333,\n        5.27833333, 4.57416667, 4.9975    , 4.3175    , 4.89666667,\n        5.46666667, 4.77      , 4.81083333, 4.4575    , 6.05333333,\n        5.79333333, 5.435     , 5.07583333, 5.61583333, 5.12916667],\n       [4.72833333, 4.37916667, 4.33166667, 4.135     , 4.685     ,\n        4.845     , 4.2075    , 4.57083333, 3.9375    , 4.45666667,\n        5.00666667, 4.37      , 4.3775    , 4.09083333, 5.56      ,\n        5.35333333, 5.00166667, 4.64916667, 5.12916667, 4.7225    ]])\n"
     ]
    }
   ],
   "source": [
    "pp(c)"
   ]
  },
  {
   "cell_type": "markdown",
   "metadata": {
    "colab_type": "text",
    "id": "Wf9KfAASAK8u"
   },
   "source": [
    "Now, in the cell below, calculate the eigenvectors and eigenvalues of the covariance matrix."
   ]
  },
  {
   "cell_type": "code",
   "execution_count": 8,
   "metadata": {
    "colab": {},
    "colab_type": "code",
    "id": "KAD5-NjOAK8v"
   },
   "outputs": [],
   "source": [
    "w, v = np.linalg.eig(c)"
   ]
  },
  {
   "cell_type": "code",
   "execution_count": 9,
   "metadata": {},
   "outputs": [
    {
     "output_type": "stream",
     "name": "stdout",
     "text": [
      "[ 9.16742801e+01+0.00000000e+00j  2.42605997e-01+0.00000000e+00j\n  5.89471898e-02+0.00000000e+00j  4.58232986e-15+0.00000000e+00j\n -4.92739332e-16+1.93570311e-15j -4.92739332e-16-1.93570311e-15j\n -2.39147781e-15+0.00000000e+00j -1.87649148e-15+1.76246287e-16j\n -1.87649148e-15-1.76246287e-16j -1.51750002e-15+0.00000000e+00j\n -1.16118829e-15+9.71874557e-17j -1.16118829e-15-9.71874557e-17j\n  5.67908837e-18+0.00000000e+00j  3.65471562e-16+0.00000000e+00j\n  2.07625262e-15+0.00000000e+00j  1.62551298e-15+5.29297798e-16j\n  1.62551298e-15-5.29297798e-16j  1.01838235e-15+0.00000000e+00j\n  1.62787867e-15+2.47155568e-16j  1.62787867e-15-2.47155568e-16j]\n"
     ]
    }
   ],
   "source": [
    "print(w)"
   ]
  },
  {
   "cell_type": "code",
   "execution_count": 10,
   "metadata": {},
   "outputs": [
    {
     "output_type": "stream",
     "name": "stdout",
     "text": [
      "[[-2.27624404e-01+0.j         -4.65387044e-03+0.j\n   3.84689594e-02+0.j         -1.28502719e-01+0.j\n   1.27662537e-02+0.11941424j  1.27662537e-02-0.11941424j\n   9.27664533e-03+0.j         -7.68952967e-02-0.03002734j\n  -7.68952967e-02+0.03002734j -1.78614298e-01+0.j\n  -4.70388166e-02+0.01530624j -4.70388166e-02-0.01530624j\n  -1.26969366e-01+0.j          7.68460529e-02+0.j\n  -1.30449792e-01+0.j         -6.38853263e-02-0.04798156j\n  -6.38853263e-02+0.04798156j -8.33331385e-02+0.j\n   1.91391973e-02+0.09183633j  1.91391973e-02-0.09183633j]\n [-2.11837455e-01+0.j         -3.38434622e-01+0.j\n   3.56360854e-01+0.j         -3.10219232e-01+0.j\n   9.73387976e-02-0.12395875j  9.73387976e-02+0.12395875j\n   1.75338096e-02+0.j         -4.30091466e-02+0.00901576j\n  -4.30091466e-02-0.00901576j -6.91219938e-02+0.j\n   1.19976335e-02+0.00402158j  1.19976335e-02-0.00402158j\n  -1.72770203e-02+0.j         -1.90454091e-03+0.j\n  -4.95675271e-02+0.j         -5.66361615e-02-0.08357618j\n  -5.66361615e-02+0.08357618j -6.67995626e-02+0.j\n  -1.97318223e-02+0.0286155j  -1.97318223e-02-0.0286155j ]\n [-2.08610694e-01+0.j         -2.79743935e-02+0.j\n   7.01593228e-02+0.j         -1.52729925e-01+0.j\n  -2.69536238e-01+0.02558949j -2.69536238e-01-0.02558949j\n   2.92128528e-01+0.j         -4.70153194e-02+0.02791795j\n  -4.70153194e-02-0.02791795j  1.33943870e-01+0.j\n  -5.55979245e-04-0.03346656j -5.55979245e-04+0.03346656j\n  -9.46682329e-02+0.j          2.97964902e-01+0.j\n  -1.30050507e-01+0.j         -3.85951654e-01+0.28394268j\n  -3.85951654e-01-0.28394268j  2.28487510e-01+0.j\n   5.34365488e-01+0.j          5.34365488e-01-0.j        ]\n [-1.99364240e-01+0.j         -2.11246164e-01+0.j\n  -1.90769451e-01+0.j          3.38702872e-01+0.j\n   2.66193733e-01+0.04382261j  2.66193733e-01-0.04382261j\n  -2.14529111e-01+0.j         -8.01013810e-02-0.06158494j\n  -8.01013810e-02+0.06158494j -2.06644511e-01+0.j\n   2.22541002e-01+0.01672755j  2.22541002e-01-0.01672755j\n  -1.94947082e-01+0.j          1.65436701e-01+0.j\n  -7.14754258e-02+0.j          1.59406644e-01+0.26260478j\n   1.59406644e-01-0.26260478j  4.96866202e-01+0.j\n   3.83911284e-02+0.0011051j   3.83911284e-02-0.0011051j ]\n [-2.25097761e-01+0.j          1.15704269e-01+0.j\n  -1.70211900e-01+0.j          4.97568300e-02+0.j\n  -1.50958135e-01-0.1135744j  -1.50958135e-01+0.1135744j\n   2.28001473e-01+0.j          2.02197783e-01+0.02863535j\n   2.02197783e-01-0.02863535j  9.91428157e-02+0.j\n  -1.12405372e-01-0.00169299j -1.12405372e-01+0.00169299j\n  -9.83095213e-02+0.j         -1.62568994e-01+0.j\n  -4.60877982e-02+0.j         -2.02855233e-01-0.09896961j\n  -2.02855233e-01+0.09896961j  1.76317425e-01+0.j\n   1.60325552e-01+0.15391418j  1.60325552e-01-0.15391418j]\n [-2.32924664e-01+0.j          5.14570528e-02+0.j\n  -1.99119060e-01+0.j         -4.20765237e-01+0.j\n  -3.04152788e-01-0.05518183j -3.04152788e-01+0.05518183j\n  -4.65835074e-01+0.j          6.58527185e-01+0.j\n   6.58527185e-01-0.j          6.18673568e-01+0.j\n  -5.20711142e-01+0.j         -5.20711142e-01-0.j\n  -5.14493451e-01+0.j         -2.51064937e-01+0.j\n   2.09992521e-01+0.j         -4.01857900e-02-0.06124678j\n  -4.01857900e-02+0.06124678j -2.07103119e-01+0.j\n  -6.06206715e-03-0.09965658j -6.06206715e-03+0.09965658j]\n [-2.02024028e-01+0.j          1.30670880e-01+0.j\n  -2.42166166e-01+0.j          3.86175364e-01+0.j\n   6.28293044e-01+0.j          6.28293044e-01-0.j\n   2.85949669e-01+0.j         -5.87284878e-02+0.08481757j\n  -5.87284878e-02-0.08481757j -4.79954038e-02+0.j\n   4.06625037e-02-0.05052539j  4.06625037e-02+0.05052539j\n   3.56570604e-01+0.j          3.68757767e-01+0.j\n   8.38081720e-02+0.j          5.36636949e-01+0.j\n   5.36636949e-01-0.j          3.76166258e-01+0.j\n  -1.17196202e-01-0.09694059j -1.17196202e-01+0.09694059j]\n [-2.20204475e-01+0.j         -1.18181690e-01+0.j\n  -9.12996265e-02+0.j          1.42954785e-01+0.j\n  -8.81716223e-02-0.10996765j -8.81716223e-02+0.10996765j\n   1.87417475e-01+0.j         -3.63315824e-02+0.04983481j\n  -3.63315824e-02-0.04983481j -6.60307175e-02+0.j\n   7.30613769e-02+0.00759786j  7.30613769e-02-0.00759786j\n  -2.33934549e-01+0.j         -1.01610881e-01+0.j\n   1.82353105e-01+0.j         -1.39962992e-01-0.17708523j\n  -1.39962992e-01+0.17708523j -3.27083354e-01+0.j\n  -2.26033208e-01-0.00217466j -2.26033208e-01+0.00217466j]\n [-1.90003957e-01+0.j         -2.29069952e-01+0.j\n  -5.68260599e-02+0.j          2.67844042e-01+0.j\n   2.45341019e-01+0.14405411j  2.45341019e-01-0.14405411j\n  -2.53521551e-01+0.j         -5.77365348e-02+0.01757583j\n  -5.77365348e-02-0.01757583j -2.04880806e-01+0.j\n  -2.23250749e-01+0.03199688j -2.23250749e-01-0.03199688j\n   4.40861216e-01+0.j          3.62293961e-01+0.j\n   5.00672867e-02+0.j         -7.15884924e-03+0.14402306j\n  -7.15884924e-03-0.14402306j  9.46846949e-02+0.j\n   1.71270308e-01+0.10274459j  1.71270308e-01-0.10274459j]\n [-2.15311189e-01+0.j         -3.52067649e-01+0.j\n  -1.23873530e-02+0.j          3.11870651e-02+0.j\n  -5.74717239e-02-0.05161467j -5.74717239e-02+0.05161467j\n   1.77534257e-01+0.j         -1.00058072e-01+0.05852685j\n  -1.00058072e-01-0.05852685j  1.91869736e-01+0.j\n   1.82327417e-01-0.03153941j  1.82327417e-01+0.03153941j\n  -2.56716884e-01+0.j         -4.72524629e-01+0.j\n  -5.69811219e-03+0.j          1.88338650e-02-0.19494481j\n   1.88338650e-02+0.19494481j -2.65040466e-01+0.j\n  -2.79985775e-02+0.12278289j -2.79985775e-02-0.12278289j]\n [-2.41044711e-01+0.j         -2.51172168e-02+0.j\n   8.17019756e-03+0.j          5.81340755e-02+0.j\n   5.90376986e-02+0.11279309j  5.90376986e-02-0.11279309j\n   2.37876217e-01+0.j         -2.99159923e-03+0.03019676j\n  -2.99159923e-03-0.03019676j  1.64191250e-01+0.j\n   1.85575081e-01+0.06308631j  1.85575081e-01-0.06308631j\n   3.86766215e-02+0.j         -1.39801559e-01+0.j\n   1.72977870e-01+0.j          2.12978171e-02-0.01027405j\n   2.12978171e-02+0.01027405j -1.12745318e-01+0.j\n  -4.29512125e-01-0.0736232j  -4.29512125e-01+0.0736232j ]\n [-2.10257903e-01+0.j         -1.11351371e-01+0.j\n  -4.29749072e-01+0.j         -2.14945367e-01+0.j\n  -2.19415546e-01-0.0227792j  -2.19415546e-01+0.0227792j\n  -3.58627818e-01+0.j          2.11300425e-01-0.07040229j\n   2.11300425e-01+0.07040229j  1.70194073e-01+0.j\n  -3.69900816e-01-0.11330144j -3.69900816e-01+0.11330144j\n   1.00700486e-01+0.j         -1.84350071e-01+0.j\n  -1.06486277e-01+0.j         -7.21787275e-02-0.08988627j\n  -7.21787275e-02+0.08988627j -4.18804466e-01+0.j\n  -2.67665770e-01-0.01669459j -2.67665770e-01+0.01669459j]\n [-2.11544311e-01+0.j         -3.26107568e-01+0.j\n   1.20164436e-01+0.j         -7.77922601e-02+0.j\n  -1.42328062e-01-0.01236002j -1.42328062e-01+0.01236002j\n   1.66946859e-01+0.j         -1.34120272e-01-0.01495741j\n  -1.34120272e-01+0.01495741j -2.26552239e-01+0.j\n  -4.38778570e-02+0.04501115j -4.38778570e-02-0.04501115j\n   1.84051363e-01+0.j          2.24600777e-01+0.j\n  -2.64497937e-01+0.j          1.90538665e-01+0.06335445j\n   1.90538665e-01-0.06335445j  1.14900243e-01+0.j\n  -8.87229608e-03-0.07972001j -8.87229608e-03+0.07972001j]\n [-1.96723768e-01+0.j          7.45599571e-02+0.j\n  -4.57814592e-03+0.j          1.70640576e-01+0.j\n   1.12099080e-01+0.06597339j  1.12099080e-01-0.06597339j\n   4.80762220e-02+0.j         -6.91660029e-02-0.00109869j\n  -6.91660029e-02+0.00109869j -1.38703969e-01+0.j\n   9.31433287e-02+0.0636612j   9.31433287e-02-0.0636612j\n  -6.91402339e-02+0.j         -2.01141308e-01+0.j\n  -7.99130700e-02+0.j         -2.06749590e-02+0.15689012j\n  -2.06749590e-02-0.15689012j -1.15574853e-01+0.j\n   1.65756065e-01-0.02158462j  1.65756065e-01+0.02158462j]\n [-2.67364521e-01+0.j          2.77179108e-01+0.j\n   5.01120584e-01+0.j          3.30834304e-01+0.j\n   1.01366108e-01-0.00761213j  1.01366108e-01+0.00761213j\n  -3.63873798e-01+0.j          2.34914926e-01-0.00792013j\n   2.34914926e-01+0.00792013j  1.87716945e-01+0.j\n  -2.55078326e-01-0.03775735j -2.55078326e-01+0.03775735j\n  -7.19111127e-03+0.j         -2.39539411e-02+0.j\n  -3.86766412e-01+0.j          3.64051320e-02-0.17950227j\n   3.64051320e-02+0.17950227j -8.16938034e-02+0.j\n  -1.39828494e-01+0.11968419j -1.39828494e-01-0.11968419j]\n [-2.56424686e-01+0.j          4.86438570e-01+0.j\n  -1.51045951e-01+0.j         -2.89359340e-01+0.j\n  -9.30429459e-02+0.09760994j -9.30429459e-02-0.09760994j\n   1.37014664e-01+0.j         -4.15147234e-01+0.03179135j\n  -4.15147234e-01-0.03179135j -3.33727681e-01+0.j\n   1.44381393e-01+0.05471884j  1.44381393e-01-0.05471884j\n  -3.20850123e-02+0.j         -1.54323417e-01+0.j\n  -1.53147388e-01+0.j         -5.90149730e-02+0.11481864j\n  -5.90149730e-02-0.11481864j -3.32573736e-02+0.j\n  -8.49123272e-02-0.04191373j -8.49123272e-02+0.04191373j]\n [-2.40230764e-01+0.j          3.30432855e-01+0.j\n   3.25521690e-01+0.j         -1.13958548e-01+0.j\n  -2.03573193e-02-0.09633411j -2.03573193e-02+0.09633411j\n   2.21282189e-02+0.j          1.59932403e-01-0.02131544j\n   1.59932403e-01+0.02131544j  1.32187071e-01+0.j\n   8.18963501e-02-0.06039083j  8.18963501e-02+0.06039083j\n   6.65030873e-02+0.j          2.80121200e-02+0.j\n   2.59183814e-01+0.j          1.16786879e-01+0.10832494j\n   1.16786879e-01-0.10832494j -5.73709378e-02+0.j\n  -5.58778827e-02-0.02349232j -5.58778827e-02+0.02349232j]\n [-2.23857526e-01+0.j          2.13062106e-02+0.j\n   1.71020749e-01+0.j          9.97653417e-02+0.j\n  -1.14273752e-01+0.06788732j -1.14273752e-01-0.06788732j\n  -1.38584641e-01+0.j         -2.73269713e-01-0.0682323j\n  -2.73269713e-01+0.0682323j  -2.97295407e-01+0.j\n  -1.57806469e-01-0.00617577j -1.57806469e-01+0.00617577j\n  -5.42639775e-02+0.j         -3.76014761e-02+0.j\n   6.94855537e-01+0.j          7.12394402e-02-0.03340128j\n   7.12394402e-02+0.03340128j  8.65583809e-02+0.j\n   7.29949002e-02-0.18121484j  7.29949002e-02+0.18121484j]\n [-2.47338233e-01+0.j         -1.71435437e-01+0.j\n   8.42992679e-02+0.j         -1.40604287e-01+0.j\n   4.56785991e-03+0.05915732j  4.56785991e-03-0.05915732j\n   5.65705811e-03+0.j          9.06737097e-02-0.00580242j\n   9.06737097e-02+0.00580242j  1.30738818e-01+0.j\n   2.93832717e-01-0.011038j    2.93832717e-01+0.011038j\n   3.08280313e-01+0.j         -6.36251688e-03+0.j\n  -2.91105308e-02+0.j          1.32401318e-02+0.09254992j\n   1.32401318e-02-0.09254992j  2.27315096e-01+0.j\n   2.83405656e-02-0.11652498j  2.83405656e-02+0.11652498j]\n [-2.26631142e-01+0.j          1.97775273e-01+0.j\n  -2.75248131e-01+0.j          8.22497016e-02+0.j\n   3.86510692e-02-0.13707092j  3.86510692e-02+0.13707092j\n   1.69554294e-02+0.j         -2.28949139e-01-0.05478985j\n  -2.28949139e-01+0.05478985j -1.69068625e-01+0.j\n   3.86156176e-01+0.04497022j  3.86156176e-01-0.04497022j\n   2.57562685e-01+0.j          3.41425822e-01+0.j\n  -1.67246029e-01+0.j         -7.97270346e-02-0.17028057j\n  -7.97270346e-02+0.17028057j  5.41380554e-02+0.j\n   3.14458358e-01+0.13957364j  3.14458358e-01-0.13957364j]]\n"
     ]
    }
   ],
   "source": [
    "print(v)"
   ]
  },
  {
   "cell_type": "markdown",
   "metadata": {
    "colab_type": "text",
    "id": "l6XnteUCAK8x"
   },
   "source": [
    "Now calculate the principal components (reduce to 2 dimensions).  First, you need to instantiate your PCA object."
   ]
  },
  {
   "cell_type": "code",
   "execution_count": 11,
   "metadata": {
    "colab": {},
    "colab_type": "code",
    "id": "n52JmcH3AK8x"
   },
   "outputs": [],
   "source": [
    "pca = PCA(n_components=2)"
   ]
  },
  {
   "cell_type": "markdown",
   "metadata": {
    "colab_type": "text",
    "id": "6z64Gr8zAK8z"
   },
   "source": [
    "Now, in the cell below, train your model on your dataset:\n",
    "> pca.fit(X)"
   ]
  },
  {
   "cell_type": "code",
   "execution_count": 12,
   "metadata": {
    "colab": {},
    "colab_type": "code",
    "id": "oCj4bRUIAK8z"
   },
   "outputs": [
    {
     "output_type": "execute_result",
     "data": {
      "text/plain": [
       "PCA(n_components=2)"
      ]
     },
     "metadata": {},
     "execution_count": 12
    }
   ],
   "source": [
    "pca.fit(data)"
   ]
  },
  {
   "cell_type": "markdown",
   "metadata": {
    "colab_type": "text",
    "id": "soY2dtzwAK82"
   },
   "source": [
    "The following commands can be used to get your explained variance ratios (percentage of variance explained by each of the selected components) and your components.\n",
    "\n",
    "Print these values in the cells below."
   ]
  },
  {
   "cell_type": "code",
   "execution_count": 13,
   "metadata": {
    "colab": {},
    "colab_type": "code",
    "id": "_M0LyFhKAK83"
   },
   "outputs": [
    {
     "output_type": "stream",
     "name": "stdout",
     "text": [
      "[0.87954353 0.06300167]\n"
     ]
    }
   ],
   "source": [
    "print(pca.explained_variance_ratio_)"
   ]
  },
  {
   "cell_type": "code",
   "execution_count": 14,
   "metadata": {
    "colab": {},
    "colab_type": "code",
    "id": "71LfWhx1AK85"
   },
   "outputs": [
    {
     "output_type": "stream",
     "name": "stdout",
     "text": [
      "[[ 0.71816179  0.68211748  0.08126075  0.1111579 ]\n [ 0.61745716 -0.65996887  0.37215116 -0.21140307]]\n"
     ]
    }
   ],
   "source": [
    "print(pca.components_)"
   ]
  },
  {
   "cell_type": "markdown",
   "metadata": {
    "colab_type": "text",
    "id": "TDrwHIRSCOnn"
   },
   "source": [
    "Now, apply your model to the original data set to transform your data."
   ]
  },
  {
   "cell_type": "code",
   "execution_count": 15,
   "metadata": {
    "colab": {},
    "colab_type": "code",
    "id": "jVsYwILECiW0"
   },
   "outputs": [],
   "source": [
    "X_transformed = pca.fit_transform(data)"
   ]
  },
  {
   "cell_type": "code",
   "execution_count": 16,
   "metadata": {
    "colab": {},
    "colab_type": "code",
    "id": "GRuEBZZICp0A"
   },
   "outputs": [
    {
     "output_type": "stream",
     "name": "stdout",
     "text": [
      "[[ 5.35882132e-02  2.13091549e-02]\n [-4.31102885e-01  2.27802156e-01]\n [-4.46437821e-01 -6.48981661e-02]\n [-5.70213598e-01  1.37832371e-02]\n [ 4.99837824e-02 -1.06433448e-01]\n [ 5.88493547e-01  1.19234918e-02]\n [-3.62588639e-01 -2.42562846e-01]\n [-7.83136388e-02  6.27754417e-02]\n [-8.58395527e-01 -1.49295381e-02]\n [-3.65880852e-01  2.20160693e-01]\n [ 4.13586321e-01  1.11767646e-01]\n [-2.13819922e-01 -2.35008745e-02]\n [-5.14034854e-01  1.87196747e-01]\n [-8.97493973e-01 -2.33177183e-01]\n [ 8.81108056e-01  4.91145021e-02]\n [ 1.12874867e+00 -2.07254026e-01]\n [ 5.55989247e-01 -1.36936973e-01]\n [ 6.47040031e-02  1.68848098e-04]\n [ 7.24614545e-01  2.84297834e-01]\n [ 2.77465322e-01 -1.60606696e-01]]\n"
     ]
    }
   ],
   "source": [
    "print(X_transformed)"
   ]
  },
  {
   "source": [
    "### 5d. Assuming the class of each record is known, explain how this reduced data set could be used to derive a supervised learning algorithm based on clustering."
   ],
   "cell_type": "markdown",
   "metadata": {}
  },
  {
   "source": [
    "*You could iterate generating clusters with different values for the main arguments (in the case of a k-Means clustering algorithm, the number of clusters,) and derive a fitness function by comparing the outcome labels against the known ISIL members.*"
   ],
   "cell_type": "markdown",
   "metadata": {}
  },
  {
   "cell_type": "markdown",
   "metadata": {
    "colab_type": "text",
    "id": "2NWBkW9CAK88"
   },
   "source": [
    "Bonus: Figure out how to plot your transformed as a scatter plot:\n",
    "\n",
    "https://matplotlib.org/3.1.1/api/_as_gen/matplotlib.pyplot.scatter.html"
   ]
  },
  {
   "cell_type": "code",
   "execution_count": 17,
   "metadata": {
    "colab": {},
    "colab_type": "code",
    "id": "-_vErTa-AK88"
   },
   "outputs": [],
   "source": [
    "from matplotlib import pyplot as plt "
   ]
  },
  {
   "cell_type": "code",
   "execution_count": 31,
   "metadata": {},
   "outputs": [
    {
     "output_type": "execute_result",
     "data": {
      "text/plain": [
       "<matplotlib.collections.PathCollection at 0x7ff7bddcf5b0>"
      ]
     },
     "metadata": {},
     "execution_count": 31
    },
    {
     "output_type": "display_data",
     "data": {
      "text/plain": "<Figure size 432x288 with 1 Axes>",
